#  Point,   x [m],   y [m]
       1 -0.32407 -0.17333
       2 -0.19444 -0.17333
       3 -0.06481 -0.17333
       4  0.06481 -0.17333
       5  0.19444 -0.17333
       6  0.32407 -0.17333
       7 -0.32407 -0.06667
       8 -0.19444 -0.06667
       9 -0.06481 -0.06667
      10  0.06481 -0.06667
      11  0.19444 -0.06667
      12  0.32407 -0.06667
      13 -0.32407  0.06667
      14 -0.19444  0.06667
      15 -0.06481  0.06667
      16  0.06481  0.06667
      17  0.19444  0.06667
      18  0.32407  0.06667
      19 -0.32407  0.17333
      20 -0.19444  0.17333
      21 -0.06481  0.17333
      22  0.06481  0.17333
      23  0.19444  0.17333
      24  0.32407  0.17333
